1.106966396707121270e+00
1.165824571936292520e+00
1.157382204370039913e+00
1.166097808690829796e+00
1.151281553151935810e+00
1.165980593315439462e+00
1.186975056684082652e+00
1.158172917065442897e+00
1.147941742827432776e+00
1.191955902150128255e+00
1.174030291077487576e+00
1.177822203412520308e+00
1.171732995590240023e+00
1.180566484258451121e+00
1.173722901660778195e+00
1.143829593851590332e+00
1.169309988819879464e+00
1.146304360494704522e+00
1.166436175119388130e+00
1.173414797012704902e+00
1.148684761668242738e+00
1.179605712290884734e+00
1.177520716739054896e+00
1.175156039782226713e+00
1.184937774774146746e+00
1.190052769985933123e+00
1.184810748035893369e+00
1.193089572455909408e+00
1.171398429796595142e+00
1.160167473012103656e+00
1.202647834808848737e+00
1.160949581880741599e+00
1.167722293375027975e+00
1.153698866340409523e+00
1.169681207414499324e+00
1.177362425892811482e+00
1.172236958776103899e+00
1.172520149539371337e+00
1.178562326878959343e+00
1.152873172492601350e+00
1.161583052551070638e+00
1.197442674212492841e+00
1.167780560360713871e+00
1.162571216417321862e+00
1.163873353583435355e+00
1.196034289821617635e+00
1.167444251648364295e+00
1.166153221794046013e+00
1.181346963938294081e+00
1.164672348883533104e+00
1.176148916823186008e+00
1.190886968189067474e+00
1.172825802878076251e+00
1.164822829538068039e+00
1.183480255408551285e+00
1.170747293348980644e+00
1.181457781685850028e+00
1.179789876283940941e+00
1.180619149909105436e+00
1.184940330167211897e+00
1.196475036955550797e+00
1.184700189125896808e+00
1.184058320129956376e+00
1.180675679640506903e+00
1.175349087136932313e+00
1.187727599271908296e+00
1.186933666896862638e+00
1.187720264706561002e+00
1.182644531571975133e+00
1.211748144223534940e+00
1.178717770613363358e+00
1.188017923168935397e+00
1.182102894388359582e+00
1.176509364541955538e+00
1.162899253258250942e+00
1.190936036328261505e+00
1.182616388959681686e+00
1.182181634022793082e+00
1.210116891420003338e+00
1.161317195922702217e+00
1.189940930535717589e+00
1.175115390452244224e+00
1.194420816292772303e+00
1.193447012129130957e+00
1.204756527869504490e+00
1.173116889187745704e+00
1.187323219918529738e+00
1.190211112510220826e+00
1.202723936562844154e+00
1.209895418551762969e+00
1.162478296437834624e+00
1.180718749044133542e+00
1.179143052019225202e+00
1.201927365573892681e+00
1.189354956316602152e+00
1.188828841503408507e+00
1.227529473108350144e+00
1.192802495410538066e+00
1.211045072618002871e+00
1.200297107808140806e+00
1.193210612363660772e+00
1.195875926006076062e+00
1.197696731923979740e+00
1.198448992477083808e+00
1.187370740239372946e+00
1.204238064633339045e+00
1.208323840811959649e+00
1.184246856105003021e+00
1.171361093221619631e+00
1.188243098669674813e+00
1.221779761049134994e+00
1.226679479139149542e+00
1.171726758072437313e+00
1.166914755052661512e+00
1.223279063863249361e+00
1.211483881194690637e+00
1.205588068298090176e+00
1.195174258893979324e+00
1.195307466835614507e+00
1.222847636796338344e+00
1.205949020296657404e+00
1.209804331999980942e+00
1.197339747102710517e+00
1.198216135912869129e+00
1.205057162675235105e+00
1.210500444390135044e+00
1.207424048631819957e+00
1.205781406552292490e+00
1.234812401623160527e+00
1.214510152360042561e+00
1.211861213524330516e+00
1.192025449614669164e+00
1.214043957922918304e+00
1.210066611539088122e+00
1.185582395785328425e+00
1.216614710801543042e+00
1.210672651637186847e+00
1.221500024938978690e+00
1.198633519700496697e+00
1.221519904664172707e+00
1.232057511624488289e+00
1.246972455067427266e+00
1.224759774399815315e+00
1.211321089610540191e+00
1.218221372370875466e+00
1.200200035984289482e+00
1.229292216538687033e+00
1.231069309898263242e+00
1.213773803225639991e+00
1.220053292742786955e+00
1.231697715148007743e+00
1.213190975176838826e+00
1.194788050144365510e+00
1.220946120322461415e+00
1.233516175794693304e+00
1.223351690026481364e+00
1.232285022109109063e+00
1.238104984772835371e+00
1.234894317580495615e+00
1.211485584336023713e+00
1.227243947643459343e+00
1.205424643757015746e+00
1.244647070669919531e+00
1.223343463128756525e+00
1.197771168522885565e+00
1.213393733721340517e+00
1.227622498499775672e+00
1.219840128368029797e+00
1.247422788757569956e+00
1.211213160515293374e+00
1.229419899784302883e+00
1.233841563564531008e+00
1.224670743497999759e+00
1.257994925752899729e+00
1.229094481271954420e+00
1.226941846707889860e+00
1.246693657385850917e+00
1.235650260959852087e+00
1.210173789517966947e+00
1.236085397034640376e+00
1.242741100830314638e+00
1.238559478864335706e+00
1.238991531233225585e+00
1.254999855275764409e+00
1.256080975897195584e+00
1.246051394192532635e+00
1.231267435104067554e+00
1.255338807567984105e+00
1.250193160248556312e+00
1.227661451986484797e+00
1.257859999668432316e+00
1.266380139290341100e+00
1.245021542036518269e+00
1.221080216462044232e+00
1.237657792934753420e+00
1.243364218521017417e+00
1.237032664659376557e+00
1.236282878328028190e+00
1.257911376398696657e+00
1.240851293492552632e+00
1.268814019767895429e+00
1.264690292668824823e+00
1.253837888597805872e+00
1.269266739722737958e+00
1.250503375066546408e+00
1.258254817467743036e+00
1.259249186973159462e+00
1.257782610746111196e+00
1.264005087337466859e+00
1.264523674491921268e+00
1.228366295749084403e+00
1.248805230134875988e+00
1.263830329903905092e+00
1.239539548426545457e+00
1.255703748907944117e+00
1.252023079144259921e+00
1.243659543373963006e+00
1.262813555373368368e+00
1.260770280594312398e+00
1.270716924227803801e+00
1.267429882216237980e+00
1.246642989746338692e+00
1.265822823786012297e+00
1.273271964618516883e+00
1.268039611132217637e+00
1.237945667110980530e+00
1.245473894043224838e+00
1.281813636487950436e+00
1.263598541929530139e+00
1.262030442966780353e+00
1.263414411701400120e+00
1.265148510623740119e+00
1.246637307031346120e+00
1.269003797176534887e+00
1.291780185285460902e+00
1.275562723291563394e+00
1.276854727416385726e+00
1.295036324873685585e+00
1.286509746977737123e+00
1.265232713787567409e+00
1.271470714515054556e+00
1.285654229511737245e+00
1.265421836536088307e+00
1.296725151955384847e+00
1.300008231345175291e+00
1.290852219140080415e+00
1.276241939726852292e+00
1.297471864067719416e+00
1.273399727630802669e+00
1.267673831221199920e+00
1.266399996613761791e+00
1.299771978911635095e+00
1.302177941169573305e+00
1.293471048715205240e+00
1.281106711089449623e+00
1.285471973711518334e+00
1.294043265750704164e+00
1.289185465738084346e+00
1.289773142165079323e+00
1.296534185573995579e+00
1.292146786074508613e+00
1.297363175926569356e+00
1.285135575005213360e+00
1.294736957562653057e+00
1.283412901481669088e+00
1.305828628246465506e+00
1.306891204080746993e+00
1.292154225530148359e+00
1.278519100814510479e+00
1.273005599338343563e+00
1.304028359051798480e+00
1.300160272910962922e+00
1.302060592334275402e+00
1.297513517143137340e+00
1.299131485921309004e+00
1.315490822853869313e+00
1.322997372712262587e+00
1.317119271094795874e+00
1.299077102101151571e+00
1.330587480754445107e+00
1.295309117758552730e+00
1.288080295456247137e+00
1.295525949951579880e+00
1.310672307488530919e+00
1.320994412232967985e+00
1.317726905263866488e+00
1.304220233001424978e+00
1.307152360495661192e+00
1.300689501676676185e+00
1.311959262071454191e+00
1.330963493744463655e+00
1.295608976097376575e+00
1.334192621774263898e+00
1.335310364744256129e+00
1.328819358610468626e+00
1.297455180013530329e+00
1.319795688341744766e+00
1.333180843949643091e+00
1.308338804353136098e+00
1.311294101051521777e+00
1.312643247290969706e+00
1.310483488528830787e+00
1.312726645680626136e+00
1.313897872287570490e+00
1.315953185942579484e+00
1.311438443521763642e+00
1.330484643149937529e+00
1.309688515439087375e+00
1.317712188616422031e+00
1.342668883063951712e+00
1.335765542565863440e+00
1.337524553489650492e+00
1.327378624565781262e+00
1.318784858483530220e+00
1.348809314329414644e+00
1.331191727985141959e+00
1.331971294051743859e+00
1.361262779075377738e+00
1.329263990312004040e+00
1.339422149529495343e+00
1.342801072673545315e+00
1.362617345979026284e+00
1.348611309205341779e+00
1.333575932469203806e+00
1.341317464710532370e+00
1.334868880720320616e+00
1.331781599912799985e+00
1.351851944488705159e+00
1.346054286124407806e+00
1.349379682782674950e+00
1.358278786895254164e+00
1.344354354466601453e+00
1.337929484772087951e+00
1.359777579239806578e+00
1.342946736130139262e+00
1.330305767148336038e+00
1.341604425708523562e+00
1.339845274883080695e+00
1.363220752897825294e+00
1.353186488860200987e+00
1.355720789443516816e+00
1.362058435192322392e+00
1.345223083711331258e+00
1.349005172281692033e+00
1.349055769754214484e+00
1.311388957181794490e+00
1.340066405779654302e+00
1.327902743999968216e+00
1.361499516297969059e+00
1.339230966271197421e+00
1.356467327924557598e+00
1.356075975536906730e+00
1.347237419024010396e+00
1.342822642400501643e+00
1.335385671309641475e+00
1.341112203251668022e+00
1.354185390229706965e+00
1.338143807756118742e+00
1.354635190838926473e+00
1.343438911307752504e+00
1.358168769512889895e+00
1.364254651700844256e+00
1.366383894635881946e+00
1.365393645832041924e+00
1.346613187485643071e+00
1.358450034595654499e+00
1.362296337571272220e+00
1.362432644123560133e+00
1.347250138339501246e+00
1.365984337397899928e+00
1.349335602589589511e+00
1.362035595177688796e+00
1.370021352152306138e+00
1.339066054981562948e+00
1.362696662670539904e+00
1.369004552134902575e+00
1.371217742780217241e+00
1.339542337160839258e+00
1.371902240558271258e+00
1.362354850992867350e+00
1.364776002854841019e+00
1.377008912904922777e+00
1.384155867884969027e+00
1.340870379687591152e+00
1.351433684817189063e+00
1.386901281880524195e+00
1.367375599538544817e+00
1.380242430632353301e+00
1.381063540590905969e+00
1.374504368180253788e+00
1.372691431886741587e+00
1.388468930155045244e+00
1.364078941368616960e+00
1.362359850764232938e+00
1.353624252830814889e+00
1.363426597413471608e+00
1.358314528417792433e+00
1.376695071087406186e+00
1.379280652926658135e+00
1.376141396732561306e+00
1.393042766142533306e+00
1.361643055673466218e+00
1.367922035954473259e+00
1.362844686857244136e+00
1.378497363927729813e+00
1.357572655867645528e+00
1.380417195744428893e+00
1.375105524340877849e+00
1.371000522688890388e+00
1.377964933298042149e+00
1.367954456607491043e+00
1.380247165706707912e+00
1.390530049429856252e+00
1.375058317536154817e+00
1.360222667498793836e+00
1.351147103386142190e+00
1.379504350241103738e+00
1.375137062368344543e+00
1.395751012584707240e+00
1.392106337526927806e+00
1.379551632745440681e+00
1.376989678256032468e+00
1.373850404664069824e+00
1.397507234399648857e+00
1.380702764324986953e+00
1.382525042007819005e+00
1.374955394049977020e+00
1.367428542380237033e+00
1.389573357075886362e+00
1.389494684755884668e+00
1.368254971807901788e+00
1.376878161895777941e+00
1.373654111970343150e+00
1.387511899750363265e+00
1.399030697808588020e+00
1.374239264442570718e+00
1.395257503872659788e+00
1.368154610825112139e+00
1.367960146631296725e+00
1.379857527660068639e+00
1.404617566003846685e+00
1.377963328473397420e+00
1.365211256573726439e+00
1.385367404326321772e+00
1.381119583241954274e+00
1.409226434524246230e+00
1.389405558865379309e+00
1.399898938729264630e+00
1.382566073827601327e+00
1.375115504704888414e+00
1.407928057778914388e+00
1.395140252244934764e+00
1.383751699326896567e+00
1.387242799036881635e+00
1.380156761593455128e+00
1.372166146958869959e+00
1.393246974983797681e+00
1.373389359390154718e+00
1.404818979041594362e+00
1.387622269841709777e+00
1.369761209437927674e+00
1.379056050640224518e+00
1.379925519479171525e+00
1.391119637262384190e+00
1.388679949015459547e+00
1.391060616005435735e+00
1.406405415118543667e+00
1.383370869099450617e+00
1.427457996891270176e+00
1.412865523239671184e+00
1.394824668126612766e+00
1.420734146094104089e+00
1.429518681363360910e+00
1.365225319755690281e+00
1.390192163261774638e+00
1.384262955299653486e+00
1.399366390625959244e+00
1.380650412173649144e+00
1.389379288481731756e+00
1.397587945230192030e+00
1.387739346564945686e+00
1.391692891594698445e+00
1.387564352735542572e+00
1.367834375148110349e+00
1.397322447465526141e+00
1.391855284607124599e+00
1.406848219777763642e+00
1.369660797288533738e+00
1.388955917582521682e+00
1.385549607544639628e+00
1.401408408165007113e+00
1.386746384637704166e+00
1.398470045761909475e+00
1.411253924171637975e+00
1.405687661468556948e+00
1.429337063362732696e+00
1.400117925011328257e+00
1.392735684172614175e+00
1.391875409952293419e+00
1.398942190863689650e+00
1.421209181466768223e+00
1.393771867684033161e+00
1.426255601710598508e+00
1.382907347236261630e+00
1.406819243939627206e+00
1.381497755782547188e+00
1.397316369861713481e+00
1.415091819287502384e+00
1.389263357798890208e+00
1.352901429345160667e+00
1.381273802321673072e+00
1.420469103126679178e+00
1.403926786674115190e+00
1.357408247419797709e+00
1.395037836510919949e+00
1.391917238828738412e+00
1.395285081369065372e+00
1.384154011629916470e+00
1.392012168153137219e+00
1.387385522867798482e+00
1.375743449604203805e+00
1.377018677448185180e+00
1.407846959638081819e+00
1.391913786970088829e+00
1.413487639239213722e+00
1.380992316657678076e+00
1.390359261534529711e+00
1.378130462569039816e+00
1.386320532485104451e+00
1.399491685290325416e+00
1.357420586742393187e+00
1.392554434126287433e+00
1.401258094182761038e+00
1.389941612532307857e+00
1.379165166192147574e+00
1.390471928352538633e+00
1.410229920032960660e+00
1.397744020107877905e+00
1.388879673624567657e+00
1.381677920756240185e+00
1.414044593092041779e+00
1.380521628402952228e+00
1.388326880097649596e+00
1.415557200828404749e+00
1.380605590766782687e+00
1.396932311820573647e+00
1.408755929063945089e+00
1.426207539468525853e+00
1.413209206135515927e+00
1.382633764319643577e+00
1.385553553008556538e+00
1.395322858866033355e+00
1.392780683991010404e+00
1.381370069215117624e+00
1.370372799259506502e+00
1.394771352730807434e+00
1.391760411910653694e+00
1.409407350712041262e+00
1.393357084242076382e+00
1.394595935193773339e+00
1.377916553905369490e+00
1.381020245005800895e+00
1.400825704311479569e+00
1.378562983610338577e+00
1.403708709706602109e+00
1.395371783630967366e+00
1.377380760762142886e+00
1.395018673600713743e+00
1.393648366805860128e+00
1.370544217606505244e+00
1.385077376390839499e+00
1.387391924475707361e+00
1.352851837885256092e+00
1.383320136858101179e+00
1.384883003245432453e+00
1.390345911621424957e+00
1.387727060874062168e+00
1.393884314664643576e+00
1.357035410168068612e+00
1.372049362643198878e+00
1.362587152369374666e+00
1.362480555487137091e+00
1.380336738659895923e+00
1.404968474386038668e+00
1.359342362570231222e+00
1.396624620635203096e+00
1.362218636778455672e+00
1.393216259217756381e+00
1.391409472018298121e+00
1.395607164484649276e+00
1.413866623799710398e+00
1.370972436484558354e+00
1.378377242293462590e+00
1.376569681544536072e+00
1.372542607523177249e+00
1.365023693145529071e+00
1.358147475904098123e+00
1.392627264068396764e+00
1.397386082353522907e+00
1.381799147612918333e+00
1.387873753244696973e+00
1.367931491555664847e+00
1.354584273096212543e+00
1.388064133797923150e+00
1.369694475996116267e+00
1.372203865773262921e+00
1.368352357944633502e+00
1.377423110803392081e+00
1.377858694065886347e+00
1.384843656968163694e+00
1.382952758554365280e+00
1.346966140881898255e+00
1.362527492420468445e+00
1.338691818853058768e+00
1.381505536818181223e+00
1.363074192231397808e+00
1.362829661340009713e+00
1.358625502897459869e+00
1.362302237169760621e+00
1.362382387157423658e+00
1.370067974011202727e+00
1.373391295465530959e+00
1.385649182608789332e+00
1.360965219330792841e+00
1.340154217448214391e+00
1.375224262375412065e+00
1.352186605308109524e+00
1.374330434313062232e+00
1.374580825059432465e+00
1.328607001364219942e+00
1.362284198252338152e+00
1.354053239044069379e+00
1.339841291521987277e+00
1.375459333035710552e+00
1.362882585681964631e+00
1.366512784320054630e+00
1.374570707963729044e+00
1.357814444602313930e+00
1.370286326972009805e+00
1.370989597440311014e+00
1.377858225966498207e+00
1.348456201171750246e+00
1.362813171352098784e+00
1.349197796120735537e+00
1.360117472225353064e+00
1.364362215072878914e+00
1.334700301813007250e+00
1.353977916759443012e+00
1.351363240433051116e+00
1.342859303349489775e+00
1.348651392370649349e+00
1.355394955350431863e+00
1.331073616621162747e+00
1.324142087893694031e+00
1.354368243326160348e+00
1.356636929279964265e+00
1.363913042839354217e+00
1.317323826910235196e+00
1.359425755928471258e+00
1.331436054824528536e+00
1.341526222431117077e+00
1.324725775498877711e+00
1.353113208387288102e+00
1.336172098108205475e+00
1.340752846982478319e+00
1.345059587619154229e+00
1.290441283573237286e+00
1.307685617016695501e+00
1.338173978995686353e+00
1.337736460346728551e+00
1.341104630582165225e+00
1.317743288819999359e+00
1.331036321821946089e+00
1.338716271904410560e+00
1.339571620752327386e+00
1.343314719104421684e+00
1.351585240594980419e+00
1.324258664037181621e+00
1.298253778718778007e+00
1.336879369623055647e+00
1.320993336657663386e+00
1.327171160276613859e+00
1.331804086238424834e+00
1.339056239082156985e+00
1.332647684641935726e+00
1.322788894679863159e+00
1.352905559046089223e+00
1.322020883244087397e+00
1.315704504428494737e+00
1.310625817513922708e+00
1.348092560789090788e+00
1.323173058546398329e+00
1.316684258286257458e+00
1.349234369622728469e+00
1.310787097296251869e+00
1.305492999902405193e+00
1.300065579802561988e+00
1.310258810572029864e+00
1.296201951794253349e+00
1.335985455109204967e+00
1.324347357397070768e+00
1.302443811344785596e+00
1.321148299774821178e+00
1.319475162846841076e+00
1.342017407813665963e+00
1.325293895360633245e+00
1.320281428685865510e+00
1.314088203001491983e+00
1.330643968377211328e+00
1.339453365006333163e+00
1.318937424155300242e+00
1.312222838029458938e+00
1.305966708196182768e+00
1.298508386261908898e+00
1.323418066371643720e+00
1.302008747829182633e+00
1.325521996807562441e+00
1.286706252165525699e+00
1.314942179129246380e+00
1.313804900098497930e+00
1.291652477962983658e+00
1.315369124768726916e+00
1.302533103475804976e+00
1.328870022934484085e+00
1.319880059534969785e+00
1.299424651646447160e+00
1.306342512523586574e+00
1.292664087783584659e+00
1.318024081981810758e+00
1.289616515044137879e+00
1.304017451890209234e+00
1.305204149234271194e+00
1.282602318966136856e+00
1.309875753287447209e+00
1.301756544736768717e+00
1.290517936936367516e+00
1.289739013800989431e+00
1.275459506514401875e+00
1.314872038163118040e+00
1.302881245309257086e+00
1.287969218206909572e+00
1.281167043218069734e+00
1.319928579026153459e+00
1.275662071207434689e+00
1.282828385347109634e+00
1.284319628309128936e+00
1.306035622547658814e+00
1.295519498015610393e+00
1.290367044180849021e+00
1.283334307023389798e+00
1.291047584908851409e+00
1.292128243008327626e+00
1.265731950698388841e+00
1.269782373932095254e+00
1.268921312253998845e+00
1.282326876298549134e+00
1.288487342904677257e+00
1.269421213264260606e+00
1.279414864235382643e+00
1.283444481461850417e+00
1.290609236922607428e+00
1.268716917363583274e+00
1.266626230002886100e+00
1.274182040583187847e+00
1.275040913622822458e+00
1.275966523068119640e+00
1.283073080482587613e+00
1.279114799842347772e+00
1.254754624537658625e+00
1.272475666017659268e+00
1.273527961849826307e+00
1.277938095707870758e+00
1.271677814963273034e+00
1.251212569406884745e+00
1.264587948003875306e+00
1.252528527627144728e+00
1.275568369981146422e+00
1.244744009697190235e+00
1.269786464172047546e+00
1.277601839853051535e+00
1.252461440422029337e+00
1.257774094411479027e+00
1.234129635499410016e+00
1.272587553188679221e+00
1.255756391304409192e+00
1.243074807462888343e+00
1.230629038418967536e+00
1.264056321846356523e+00
1.253790887022391276e+00
1.260244789400275511e+00
1.280399729688917798e+00
1.259697579922252286e+00
1.263942177185441773e+00
1.240850050196820931e+00
1.257969452994198045e+00
1.242316826370276628e+00
1.237967563214437572e+00
1.280451789788793260e+00
1.271255082565547756e+00
1.265788631904308126e+00
1.266687729150897113e+00
1.237079459967858730e+00
1.227943437374369839e+00
1.245184496747383074e+00
1.240071871144343030e+00
1.242770052938892311e+00
1.266088966615508404e+00
1.238219023484905312e+00
1.245612682185132103e+00
1.245210363536546128e+00
1.249901212247223947e+00
1.243831395065728040e+00
1.227148857626196632e+00
1.256901710341362888e+00
1.228401955557983261e+00
1.271369048264450408e+00
1.230535921915942188e+00
1.242130287330404981e+00
1.262626429679161610e+00
1.259483224096290543e+00
1.227829616965063764e+00
1.241906666411655591e+00
1.241664455359999586e+00
1.238297784065913065e+00
1.222895791942163912e+00
1.246514950128690069e+00
1.249325997514410869e+00
1.241647399413787989e+00
1.246502540185564500e+00
1.229176106656589607e+00
1.218219932884508694e+00
1.227959860483632815e+00
1.215505194998027561e+00
1.198113469351427929e+00
1.245618337003401299e+00
1.220148765191330309e+00
1.210877927862636483e+00
1.230635603944708167e+00
1.229429331687937665e+00
1.240551785205638469e+00
1.209469370575113167e+00
1.228442162011076144e+00
1.203142004725921588e+00
1.213414220467618154e+00
1.207179557704739503e+00
1.225713395235973335e+00
1.196213167226975349e+00
1.234874482204301405e+00
1.221895606795617040e+00
1.208604787061368757e+00
1.236429918520492555e+00
1.204184452933402705e+00
1.227112924649087500e+00
1.214791071985662052e+00
1.229717084786314363e+00
1.189793779847877708e+00
1.201394759850110683e+00
1.218385794130756983e+00
1.221635863763522067e+00
1.218688189468533523e+00
1.252146043295564448e+00
1.208912328464527342e+00
1.221898349325562627e+00
1.214029106391485646e+00
1.208417095080923431e+00
1.189453936308985105e+00
1.208998303323347345e+00
1.204801930846166158e+00
1.220638621058331097e+00
1.211570574210500517e+00
1.196206139753977826e+00
1.179950940724810327e+00
1.177620296633667740e+00
1.208304511943039783e+00
1.198595719346915001e+00
1.179742532414688183e+00
1.217457757693885201e+00
1.194490661799366249e+00
1.189737086839625535e+00
1.206726251375155323e+00
1.210151884516833976e+00
1.202326079284975480e+00
1.182018608258843972e+00
1.218948118608998099e+00
1.204732673698555079e+00
1.205606685898367614e+00
1.197453400002811419e+00
1.198168569874879408e+00
1.189149747790222200e+00
1.201730422055531378e+00
1.196998193103958164e+00
1.207569430227433349e+00
1.179547750177717624e+00
1.197271649184627362e+00
1.169856180979747862e+00
1.169429310125960297e+00
1.193445079680983456e+00
1.167996128483129281e+00
1.205420250026942419e+00
1.188322475629067121e+00
1.164021049067536673e+00
1.181506160077836043e+00
1.175503764053362765e+00
1.190063106245482505e+00
1.173723332067056813e+00
1.189042557183390025e+00
1.177533719736632900e+00
1.179133566325884397e+00
1.182852835844906414e+00
1.192582207509973902e+00
1.206358540229918397e+00
1.187300557067183515e+00
1.180749120633568960e+00
1.197398650008824506e+00
1.172530802816190265e+00
1.190084935268622468e+00
1.182628200748751857e+00
1.138856669436890456e+00
1.194982541348805771e+00
1.170858045492196853e+00
1.178789080536861267e+00
1.162909226748805924e+00
1.184743581746263708e+00
1.189563375005666224e+00
1.188131248080019686e+00
1.186063046893821360e+00
1.185091055909573532e+00
1.205270160419147141e+00
1.192830544911174906e+00
1.189300144017647387e+00
1.176939793716193838e+00
1.185139737368155810e+00
1.192521734891349716e+00
1.184513772623455363e+00
1.179340733559625543e+00
1.189213226432658699e+00
1.179587365093226259e+00
1.170343128593702708e+00
1.200474066061229639e+00
1.179124324066154861e+00
1.211758442641357458e+00
1.161514308002646434e+00
1.179422994125369328e+00
1.194279202902884141e+00
1.171149108746588841e+00
1.188139912425343114e+00
1.177485644573826651e+00
1.173223737829514057e+00
1.161476695493760980e+00
1.174533432491917218e+00
1.174768339785351889e+00
1.184806053414916294e+00
1.192482667977212030e+00
1.161745579608703949e+00
1.170953190091584162e+00
1.162277083453453486e+00
1.185092206533985726e+00
1.176753756710025911e+00
1.171035741233617644e+00
1.181699313824081221e+00
1.211720261165675661e+00
1.202891710574352180e+00
1.172010760203492596e+00
1.183025895072406186e+00
1.159343832685339137e+00
1.184929730798457870e+00
1.162817033722604476e+00
1.170465646713055419e+00
1.165905526506519463e+00
1.179692282573208351e+00
1.164083138411422969e+00
1.154321619666399901e+00
1.175232681869256002e+00
1.169255433347334394e+00
1.156885574550021722e+00
1.169448287793495744e+00
1.166360972474556057e+00
1.185850031257867476e+00
1.187819580453973289e+00
1.160397369143396862e+00
1.149947896171983341e+00
1.184990523357682068e+00
1.185185678035938217e+00
1.175103325772944407e+00
1.168727595622385707e+00
1.164101221125474650e+00
1.162308253496330268e+00
1.152620834211546708e+00
1.175065146158810414e+00
1.184211993307873412e+00
1.175970194107854194e+00
1.169932312632972371e+00
1.192015264554713516e+00
1.182173013139766526e+00
1.170488517361807812e+00
1.176480270126622818e+00
1.175379101273213100e+00
1.176634167024550592e+00
1.175930893652646025e+00
1.170499488240298147e+00
