-1.238505010302574927e-01
-4.883033036248820014e-01
-4.837094366940293821e-01
-4.624174839315715047e-01
-4.880815830495953134e-01
-4.926955792664989287e-01
-4.598605669137853513e-01
-4.916753257462543880e-01
-4.846085668672330260e-01
-4.913851805064671785e-01
-5.029025899172354652e-01
-4.811528881146058811e-01
-4.631216917192308991e-01
-4.679098877869708462e-01
-4.820107110572758868e-01
-4.967199426400991102e-01
-4.772252284631380292e-01
-4.676072117069938749e-01
-4.717047414141165018e-01
-4.734951539603616810e-01
-4.833243718528508204e-01
-5.192627934287538105e-01
-4.807105396749882797e-01
-4.669548536275854311e-01
-4.765129329456408436e-01
-5.110577380752441279e-01
-4.896490706706356777e-01
-5.008969398997397127e-01
-4.928091651956025276e-01
-4.827625784814907894e-01
-4.717621601102915396e-01
-4.612668661009677873e-01
-5.028373720947464376e-01
-4.914154950754323070e-01
-5.089562423484460529e-01
-4.831871910075211662e-01
-4.849031179221384158e-01
-4.839305710966871898e-01
-4.802061942142408224e-01
-5.038488864635646269e-01
-4.544718364420625156e-01
-4.898911162349023352e-01
-4.616935964983795437e-01
-4.804834495753552148e-01
-4.589020301922299150e-01
-4.668062269571222056e-01
-5.204669883716853684e-01
-4.710463111319324603e-01
-4.953462821413667228e-01
-4.817569106230542020e-01
-5.082805804261895100e-01
-5.135944878848598405e-01
-4.779665892390658755e-01
-5.087332956828386488e-01
-4.909171391476117585e-01
-4.752426319611057770e-01
-5.001818200635298473e-01
-4.631744067841793155e-01
-5.021790534626174862e-01
-4.973490435021460931e-01
-4.891717704854539051e-01
-5.182720555213899960e-01
-4.718999637925202495e-01
-4.961158652596094898e-01
-5.276760072415067615e-01
-4.746804235521746018e-01
-4.862061653511489667e-01
-5.340428213227916832e-01
-4.947616212987843154e-01
-5.106160430510140458e-01
-4.921460283982630468e-01
-4.828564062391750844e-01
-4.997187634972534154e-01
-4.923974926501428762e-01
-4.659403334044960321e-01
-5.083654826745789279e-01
-4.793219613675107071e-01
-5.113052463620018084e-01
-5.082806155105680235e-01
-5.004752513258874380e-01
-5.066362206174428451e-01
-5.096002294180728143e-01
-5.327131104415283591e-01
-4.760189706331266479e-01
-5.521579658843068783e-01
-4.974761412703629371e-01
-5.282024514341767674e-01
-5.102315338951756152e-01
-5.170564961637629242e-01
-4.935167529159110167e-01
-5.015184136172888829e-01
-5.234201939535478854e-01
-4.962639024603122118e-01
-5.146088978723807328e-01
-5.209899526157216743e-01
-5.337074922630316021e-01
-4.977861670252734516e-01
-5.376809993451694414e-01
-5.113707833459975038e-01
-5.144097634991667833e-01
-5.187435225125667237e-01
-5.111640506720871446e-01
-5.424699237648514805e-01
-5.316385205702656158e-01
-5.144897208959834378e-01
-5.369562390333444402e-01
-5.172053185499091432e-01
-5.218643468259945850e-01
-5.340237745900361377e-01
-5.307150280009900190e-01
-4.729341811223319314e-01
-5.504030059780736783e-01
-5.285351694526624344e-01
-5.117580970178291500e-01
-5.472058425509480628e-01
-5.364390327441803663e-01
-5.171410440159720512e-01
-5.400163523340402172e-01
-5.336617031156760671e-01
-5.207157874547859722e-01
-5.699972331566742767e-01
-4.911800168168029002e-01
-5.270571176285963055e-01
-5.203933381188150520e-01
-5.471632335280882664e-01
-5.134289345687600425e-01
-5.574673192174366410e-01
-5.440382460250735575e-01
-5.299027076235455214e-01
-5.374843470514117927e-01
-5.168663134530936398e-01
-5.315040683201921468e-01
-5.159492708323072385e-01
-5.207630450644019637e-01
-5.252516358222267812e-01
-5.517997204190003835e-01
-5.593496262558850241e-01
-5.262862632206781743e-01
-5.172740947415852553e-01
-5.476219921493665765e-01
-5.921682637602038168e-01
-5.298660619184438758e-01
-5.411110340751694725e-01
-5.566906882827167280e-01
-5.494048038178420690e-01
-5.792990609258105161e-01
-5.603545088112376060e-01
-5.612347077649958438e-01
-5.501808288762367605e-01
-5.447549372875121199e-01
-5.534722618233944846e-01
-5.644137905863134685e-01
-5.600572677534407795e-01
-5.564082481023976401e-01
-5.332394313436172872e-01
-5.494917642854922901e-01
-5.460220044472455792e-01
-5.918349485927368869e-01
-5.614756885474931902e-01
-5.527922544364564095e-01
-5.443629192141365980e-01
-5.516508235840390517e-01
-5.698966314989226678e-01
-5.514100723933104131e-01
-5.942943529215550802e-01
-5.465987430010924575e-01
-6.051328974885947787e-01
-5.628408782323734982e-01
-5.751728071631361239e-01
-5.546755273434862410e-01
-5.640227185560400258e-01
-5.960849194751525193e-01
-5.693879307507287990e-01
-5.398483046430062604e-01
-5.955637745575664832e-01
-5.670993687166836494e-01
-5.629025031993348804e-01
-5.496341022780557584e-01
-6.057320271308299642e-01
-5.616854853206998399e-01
-5.656294542359422417e-01
-5.642503856876661672e-01
-5.456677941990798475e-01
-6.048435299811805166e-01
-5.844042862003118177e-01
-5.430911593973266616e-01
-6.074085295509941140e-01
-6.005061260935258272e-01
-5.925139555416504278e-01
-5.829884318305251778e-01
-5.755658527115088408e-01
-5.787950566760646787e-01
-5.663208774992291028e-01
-6.029730984681220818e-01
-5.797090947790543014e-01
-5.857359106589424824e-01
-6.093482438466034656e-01
-5.827558269681809566e-01
-5.944410620194801043e-01
-6.330217883353361774e-01
-6.026453051937874505e-01
-6.026015677643586921e-01
-6.118936135751954497e-01
-6.031251948361759929e-01
-6.077554388509286420e-01
-6.062877657910165086e-01
-6.187997643764889810e-01
-5.787558634496745569e-01
-6.110281754657497233e-01
-6.092260930554527221e-01
-5.867280917546612296e-01
-6.057808235759890580e-01
-6.555653923485468271e-01
-6.199124628611525356e-01
-6.281894666889696888e-01
-6.250925029877580918e-01
-6.306577409088347519e-01
-6.142357937207715279e-01
-6.065253469944340559e-01
-6.002169402395447495e-01
-6.138839087243230797e-01
-6.097671692027777368e-01
-6.188958771145708360e-01
-6.438165910810681458e-01
-6.281031803521570644e-01
-6.513615437206209391e-01
-6.052144956385849817e-01
-6.458694283917714163e-01
-6.285273677343696797e-01
-6.171879610554097395e-01
-6.164577266584323478e-01
-6.546175198544247342e-01
-6.376522786799240228e-01
-6.074038081169254033e-01
-6.639324036900083881e-01
-6.549462369147447394e-01
-6.471542816243905927e-01
-6.541757993437962160e-01
-6.480070153940650224e-01
-6.718386573015658891e-01
-6.200943813925304804e-01
-6.480697062140605702e-01
-6.271566234953134256e-01
-6.572789096552605903e-01
-6.531167432227572567e-01
-6.358167525661987396e-01
-6.493620981613048571e-01
-6.489771028182492740e-01
-6.269192159056058422e-01
-6.556743563935115704e-01
-6.460764203483685408e-01
-6.110623496773046615e-01
-6.390718575158959025e-01
-6.529013269602983449e-01
-6.816449294227580058e-01
-6.360273457591344437e-01
-6.516307505613629925e-01
-6.949779030238654176e-01
-6.626356971375492178e-01
-6.378527129274706997e-01
-6.697378603233984373e-01
-6.992388436799111817e-01
-6.833855893412361660e-01
-6.707837960800752120e-01
-6.686723791584642251e-01
-6.933334959694111843e-01
-7.074708013407301488e-01
-6.620019494825628570e-01
-6.715113884199366279e-01
-6.575313832265673453e-01
-7.143606945646733264e-01
-6.532003030762969509e-01
-6.634025486640086067e-01
-7.064875955526019879e-01
-6.754780646802386324e-01
-6.863134922739005939e-01
-6.805864488722399575e-01
-6.558143600595782718e-01
-6.501904261502270410e-01
-6.890831982668641498e-01
-7.030301966081805576e-01
-6.930227173748737535e-01
-6.983362101720762549e-01
-6.818732950423587180e-01
-7.238722005424570449e-01
-6.966391958346319635e-01
-6.487123794842930558e-01
-6.921086835275613858e-01
-6.757694845326193134e-01
-6.983410102946039366e-01
-6.990049979829942028e-01
-7.364716108501631053e-01
-7.293303329159382953e-01
-6.852735687232983652e-01
-6.928495232624743982e-01
-6.994407030807242576e-01
-7.009549304993978325e-01
-7.013505694825795667e-01
-7.003000289063404660e-01
-7.313449400703426750e-01
-7.122428106364262490e-01
-7.359596592313661922e-01
-7.055057693554306342e-01
-6.951119505539397059e-01
-7.056354790152005174e-01
-6.769005687509782598e-01
-7.081022071559970321e-01
-7.190532860809231153e-01
-6.836272357159848267e-01
-7.110763802367062736e-01
-7.409800346437380725e-01
-6.994169695742905590e-01
-7.140302739465215209e-01
-7.312195962806211647e-01
-7.294949531589941527e-01
-7.509757555395167872e-01
-7.341324968331400802e-01
-7.139675424087477129e-01
-7.427516288017406154e-01
-7.110031753211116801e-01
-7.155944951397394949e-01
-7.693848104378373520e-01
-7.328449854144410969e-01
-7.360058519852833436e-01
-7.211166306306410201e-01
-7.177728261079130423e-01
-7.399218082918160855e-01
-6.829631499830137731e-01
-7.366254725092409306e-01
-7.155017165562619352e-01
-7.399897591581434675e-01
-7.141548499787242488e-01
-7.351671786232301109e-01
-7.420466362936527505e-01
-7.214862370767576305e-01
-7.066232225601003503e-01
-7.571470961626709517e-01
-7.170926581324006399e-01
-7.767601955298433225e-01
-7.334671232846714517e-01
-7.288260916053215244e-01
-7.270842490509219491e-01
-7.391856748209167938e-01
-7.496608388007378609e-01
-7.696137298842748997e-01
-7.535723066558738248e-01
-7.402314085433394641e-01
-7.302163011688728167e-01
-7.307331304109175862e-01
-7.552740859549039731e-01
-7.274688386923835459e-01
-7.595878339262791545e-01
-7.593144583857052154e-01
-7.614382478870992399e-01
-7.525636658500916010e-01
-7.552307611519851749e-01
-7.648966215190260431e-01
-7.363311073083452785e-01
-7.274541515881184361e-01
-7.539885556504782871e-01
-7.558863406997740064e-01
-7.617720906941709558e-01
-7.644649711894677679e-01
-7.585671567960901029e-01
-7.431852375948064804e-01
-7.921747573411663801e-01
-7.684114864025420877e-01
-7.686077006603138084e-01
-7.740639359660440588e-01
-7.780921747889918416e-01
-7.701420462918145970e-01
-7.567548646284225633e-01
-7.637136415062780737e-01
-7.519327543963245652e-01
-7.833101010808691811e-01
-7.591574302167287680e-01
-7.833438238055304703e-01
-7.759728372116431183e-01
-7.831970651066054723e-01
-7.760593478328576822e-01
-7.874023263857118371e-01
-7.574136027581033215e-01
-7.747650888230065425e-01
-7.628420404241755826e-01
-7.632560230011754543e-01
-8.316860185129640870e-01
-7.867896802351138641e-01
-7.876980432752644923e-01
-7.870069076746978309e-01
-7.665421592199804790e-01
-7.908980934050859890e-01
-8.083960014882415335e-01
-8.005218613939768524e-01
-7.826083960829642860e-01
-7.706405526609705348e-01
-7.697063832987719456e-01
-7.908388791356062431e-01
-7.318929006100325374e-01
-7.967183409237531544e-01
-7.566939316509982971e-01
-7.935371226223394414e-01
-7.692448274295465849e-01
-7.604281810493985772e-01
-7.818653797762432633e-01
-7.715507912275281210e-01
-8.061086777746747645e-01
-7.621276981434320641e-01
-7.572984204619134241e-01
-7.936767329801941440e-01
-7.974906236551341232e-01
-7.910870707578684380e-01
-7.780707160568797187e-01
-7.782041623817427256e-01
-7.666556487593905178e-01
-8.081069613691832521e-01
-7.834720277595833560e-01
-7.834544861436963936e-01
-8.240529890093585275e-01
-7.977084780088452565e-01
-7.885166625879309610e-01
-7.927134169704146416e-01
-7.944224533716853776e-01
-7.791745111132968304e-01
-8.243120790009672572e-01
-8.369574414334874923e-01
-7.877828743462832461e-01
-7.984679830945619061e-01
-8.020640514474940419e-01
-8.129577696191284675e-01
-7.891948388531007108e-01
-7.724789830473880459e-01
-8.174563316141881808e-01
-7.956311483760299952e-01
-8.048786907932464763e-01
-8.013971437325978497e-01
-8.475574763921349675e-01
-8.302250017439151142e-01
-7.908857073768392754e-01
-7.729879730441173713e-01
-7.945486412488050876e-01
-7.941054699169068920e-01
-7.977975595237899453e-01
-8.191115585301016466e-01
-8.098013455678847450e-01
-7.851445347129001329e-01
-8.283200724349933930e-01
-8.468407038856791136e-01
-7.971796752083307736e-01
-7.985128891921442484e-01
-7.898552089901551554e-01
-7.902338251126370672e-01
-7.789600424791758293e-01
-8.222589519381635625e-01
-7.871642589438375692e-01
-8.329605457376052513e-01
-7.482881002188680464e-01
-7.870067577177976004e-01
-8.204130441713668453e-01
-7.894469103317950376e-01
-8.123548137221143772e-01
-8.198346602820915097e-01
-8.040268957276295314e-01
-7.918951108361406144e-01
-8.111919785714296616e-01
-7.714858061669982447e-01
-8.408649531706295921e-01
-8.173729930677103850e-01
-7.919560984050431074e-01
-8.927351680450493765e-01
-8.520833118294039998e-01
-8.021937012615483198e-01
-7.948451225695065681e-01
-7.979758984813599687e-01
-8.131010238153676406e-01
-8.501632207615763548e-01
-7.925827779693982444e-01
-8.309694617564770125e-01
-8.361898376433125613e-01
-7.937666386697532772e-01
-8.039545521240720749e-01
-8.199469415328112243e-01
-8.142149443216378790e-01
-8.136208240210189846e-01
-8.179132258032508762e-01
-8.164083162811812677e-01
-8.379601822435713832e-01
-8.124220270061406346e-01
-8.271094065757861324e-01
-8.097518560313193836e-01
-8.413033828519445034e-01
-8.121976393287769769e-01
-8.375458983860293305e-01
-8.299667044925589376e-01
-8.203841727980084597e-01
-8.415301246663029477e-01
-8.308752088820312576e-01
-8.087523071470971159e-01
-8.208260092669419361e-01
-8.279306629486834490e-01
-8.085329510161474165e-01
-8.201329568885006305e-01
-8.392639186045753874e-01
-8.057927567628148102e-01
-8.257522635562176694e-01
-8.191756273762185181e-01
-8.376633292299160427e-01
-8.063517931325194787e-01
-8.215354961057365069e-01
-8.058842557572530874e-01
-8.057255983241464747e-01
-8.211443478436769583e-01
-8.082408019129567744e-01
-8.250208367136133703e-01
-8.008892889064963549e-01
-8.356929533066921323e-01
-8.003496692319532757e-01
-7.796287686424571151e-01
-8.306060489900910504e-01
-8.443318250875908593e-01
-8.106867087083412526e-01
-8.135637380106824912e-01
-7.940072239665497689e-01
-7.939435106151311317e-01
-8.434224671000966067e-01
-8.494636199311397240e-01
-7.958900504377363072e-01
-8.365058667417046845e-01
-8.086301460188884960e-01
-8.034175806754251248e-01
-8.302443314159249077e-01
-8.286846472621071102e-01
-8.185473406953150954e-01
-7.812131940338522540e-01
-7.864712864920306856e-01
-8.132016849002942083e-01
-8.155137604052152822e-01
-8.416289209645930747e-01
-8.163077421727868987e-01
-8.123820272468317283e-01
-8.039727507402053552e-01
-8.287860703308673749e-01
-7.895591141722014816e-01
-8.140063537073282118e-01
-8.065946299234496575e-01
-8.109976368548456049e-01
-8.137110219422900581e-01
-7.930722630289459563e-01
-8.375416478251085373e-01
-8.442710020201377175e-01
-8.236326127613167181e-01
-7.826839671170053858e-01
-8.054422190635270873e-01
-8.189192660073968399e-01
-7.999328359604671590e-01
-8.124835509650700782e-01
-8.064721849838538681e-01
-8.025715466800065201e-01
-7.980303653459365210e-01
-8.182647398629763202e-01
-8.121846002791215380e-01
-8.125126961010092908e-01
-7.786138778224543922e-01
-7.842014940160214609e-01
-8.375117526891945330e-01
-8.389840207333841837e-01
-7.900115339819155924e-01
-7.908520926362726522e-01
-8.222957033990838660e-01
-7.973148162197700728e-01
-7.844128459657202512e-01
-8.089755893805824494e-01
-8.340683539871959207e-01
-7.752169033758469219e-01
-8.120408761451520796e-01
-7.973044262641059143e-01
-7.641739696386306013e-01
-7.902960684190677432e-01
-7.944721736616903174e-01
-7.761853408027811208e-01
-8.007679744292057755e-01
-7.943127830921719035e-01
-7.846145962737899326e-01
-7.861139691393924656e-01
-8.021387656613631068e-01
-7.839030877066215375e-01
-8.001697289845578487e-01
-7.889695761907635774e-01
-7.849608074070095753e-01
-7.892719860364587614e-01
-7.979857259721568896e-01
-7.910522991124776526e-01
-8.119126624376392654e-01
-7.836775859531351918e-01
-7.858186746034538928e-01
-8.233926138590892396e-01
-7.971599426301837488e-01
-7.871168271661828086e-01
-8.064570829606572122e-01
-7.596758007450650219e-01
-7.961618792927258603e-01
-7.766693421254498020e-01
-7.973864281393006070e-01
-7.550712510968904390e-01
-7.751386813624905336e-01
-8.208112206223451279e-01
-7.922031201185764093e-01
-7.820914124684538171e-01
-7.932440973236165593e-01
-7.979569476868505484e-01
-7.555986392010752839e-01
-7.964711876913145305e-01
-7.447818571353619355e-01
-7.827434089901577074e-01
-7.750555356186273892e-01
-7.640150581348127412e-01
-7.615953282690756110e-01
-7.784030555721477285e-01
-7.530503282277524191e-01
-7.419398596107392718e-01
-7.758428480616237355e-01
-7.777786208533468137e-01
-7.690220392841499164e-01
-8.172670598523071872e-01
-7.679269191356438151e-01
-7.523534428800550122e-01
-7.281425101546861178e-01
-7.620101269788418508e-01
-8.008245939558806814e-01
-8.037273001293108177e-01
-7.607374641344959443e-01
-7.360612722927248885e-01
-8.160806515010076145e-01
-7.803564185576526979e-01
-7.617757262893399828e-01
-7.678698209072902792e-01
-7.309599406971083457e-01
-7.746193795000181348e-01
-7.786974822988567135e-01
-7.501448082409525320e-01
-7.540764148894121277e-01
-7.792057029915140376e-01
-7.698032525152757044e-01
-7.296728075183346318e-01
-7.536480937195120244e-01
-7.601438692288023935e-01
-7.495519398611408812e-01
-7.417974867037726572e-01
-7.592841102372127615e-01
-7.578635012567529472e-01
-7.454759883607072757e-01
-7.937197627926630972e-01
-7.416498772715274246e-01
-7.799710273373999803e-01
-7.722844040105862895e-01
-7.209711834756090676e-01
-7.682632275841008163e-01
-7.199929093719000806e-01
-7.546736757574658006e-01
-7.309518597071934520e-01
-7.540867706136056281e-01
-7.447454057595181975e-01
-7.456239963219252198e-01
-7.310640905571909043e-01
-7.555673688774333652e-01
-7.521192761927776305e-01
-7.677739989211957994e-01
-7.308135022658065472e-01
-7.213862846226327674e-01
-7.484011350060294498e-01
-7.546845674144382343e-01
-7.321396886227889977e-01
-7.081743392132612280e-01
-7.405500570270574512e-01
-7.136083428266991602e-01
-7.185588702037820630e-01
-6.952681940889928747e-01
-7.279716223792910279e-01
-7.243686505444902890e-01
-7.481959964335469504e-01
-7.140769141033125322e-01
-7.263893996350854199e-01
-7.147486064706760622e-01
-7.028689577248898868e-01
-7.299098620093658063e-01
-7.015119731265996306e-01
-6.948315167582435059e-01
-7.227126161744320543e-01
-7.260734817644856065e-01
-7.401470356608671475e-01
-6.887276121217260627e-01
-7.130088019224989360e-01
-7.126000245530990096e-01
-7.136724796911606550e-01
-7.116250127915355606e-01
-7.028704869809675460e-01
-7.186585655658075389e-01
-7.316782804812960173e-01
-6.757983166498851002e-01
-7.167317275191464887e-01
-7.307371966286967391e-01
-7.242156878026405620e-01
-7.074064733981918485e-01
-7.087188873111063270e-01
-7.386921501533822987e-01
-6.978776173047318565e-01
-7.021529025992725437e-01
-7.213163872078228733e-01
-6.596444956617967259e-01
-6.983645773728298645e-01
-6.867803195638889635e-01
-7.013575096857014302e-01
-6.861972429571793208e-01
-7.087734180882923063e-01
-6.823428692814418328e-01
-6.626236565420930980e-01
-6.984827148200474234e-01
-7.386321089828886688e-01
-6.842275371993943311e-01
-7.319946744386548465e-01
-6.920744752694880653e-01
-6.704930698056890126e-01
-6.740888989769502349e-01
-6.790141459376076716e-01
-7.184783586482192952e-01
-6.600500624155877238e-01
-6.727979267566890353e-01
-6.509410599480818238e-01
-6.670998649003209158e-01
-6.925675557693702356e-01
-6.645858335958529928e-01
-6.653043744857946029e-01
-6.848730574995128828e-01
-6.617563015479368538e-01
-6.892347051268050695e-01
-6.514392197687807196e-01
-6.291693334547128202e-01
-6.606274187830105671e-01
-6.673702975737747511e-01
-7.020391335418845191e-01
-6.481003561139538904e-01
-6.690435907696451467e-01
-6.837742782300947342e-01
-6.788535068774312897e-01
-6.735316081015118028e-01
-6.673629004021782718e-01
-6.409002372932897096e-01
-6.523385078183170371e-01
-6.543357153160765938e-01
-6.520973684093125389e-01
-6.438597022395147196e-01
-6.517728780939844313e-01
-6.494724495883926751e-01
-6.112107795658913156e-01
-6.618644500057110358e-01
-6.392104778802482068e-01
-6.513245803813643153e-01
-6.553735808225821247e-01
-6.315799353330336929e-01
-6.601674163110796689e-01
-6.311301149568377955e-01
-6.544387124738068051e-01
-6.465185968510392955e-01
-6.463416243398286687e-01
-6.243655126488250051e-01
-6.529236799140231140e-01
-6.138276391819980082e-01
-6.163759222699398688e-01
-6.182772798744765597e-01
-6.504280199987494404e-01
-6.437571599016812529e-01
-6.490712511450403843e-01
-6.307424968604302684e-01
-6.038991465786794910e-01
-6.331822903283917947e-01
-6.135319638388369023e-01
-6.634778351295620435e-01
-6.420611365966855111e-01
-6.318131320540443241e-01
-6.377366482540022252e-01
-6.501375466481078558e-01
-6.243778338884904411e-01
-6.379459867704747600e-01
-6.426961605800506350e-01
-6.326404088717308971e-01
-5.991193608380352975e-01
-6.226358640019868940e-01
-6.223239197766230468e-01
-6.522893859833357455e-01
-5.981872319693277706e-01
-6.332275674818728106e-01
-5.929997689300879893e-01
-6.389478320635506581e-01
-6.327577790218648079e-01
-5.950553195096205394e-01
-6.066678057555929815e-01
-5.977015517528130317e-01
-6.251895164320442344e-01
-5.966868058193104396e-01
-5.860584102945868290e-01
-6.201193468561174704e-01
-5.955803343932076777e-01
-5.945376659465719804e-01
-6.072084567029756297e-01
-6.233964044402906524e-01
-5.901111964303500379e-01
-5.857940353293502600e-01
-5.899557643475431545e-01
-5.979518952031281920e-01
-6.043405250866463740e-01
-5.956793120466673530e-01
-5.923331373163478464e-01
-5.845361220534617264e-01
-5.974514257892690194e-01
-5.896208393760676847e-01
-5.914740871157904145e-01
-5.965092691310239781e-01
-5.682099388065566803e-01
-5.975361912718138990e-01
-6.246812092874394207e-01
-5.978291988325440398e-01
-5.623215785189014104e-01
-5.916038631637290379e-01
-5.874560633766986451e-01
-5.557763128821606724e-01
-5.898783753060579116e-01
-5.771728147226913297e-01
-5.598703890572073183e-01
-5.462526732594615853e-01
-5.669474607885054418e-01
-5.330920971417223431e-01
-5.719416651325980316e-01
-5.717321041175735807e-01
-5.809203182367880247e-01
-5.794395420706338617e-01
-5.478542412388602845e-01
-5.781288366705898962e-01
-5.670417325688645871e-01
-5.524721346248867571e-01
-5.832284478487340662e-01
-5.649495298723385961e-01
-5.444521311920411666e-01
-5.790948538470239715e-01
-5.272344196036569119e-01
-5.398351361785251878e-01
-5.787733498874435556e-01
-5.859084451687999184e-01
-5.390505797898444973e-01
-5.588047307485165538e-01
-5.696781748656226663e-01
-5.394425991964062472e-01
-5.561942365756693540e-01
-5.088483347771622922e-01
-5.370970254625796469e-01
-5.421063834071224719e-01
-5.646056770050343898e-01
-5.587218598699125183e-01
-5.293096450493461891e-01
-5.511239006575147092e-01
-5.447002541391302577e-01
-5.491137038607923904e-01
-5.691433436646183841e-01
-5.156853542503139209e-01
-5.462186995191069538e-01
-5.370527960491739972e-01
-5.477209824416737760e-01
-5.491018247934817964e-01
-5.294626777931719097e-01
-5.587098410775038770e-01
-5.375862847942597389e-01
-5.183953321457163144e-01
-5.362658039637362428e-01
-5.281645219535638924e-01
-5.441540222922514047e-01
-5.386510402013462429e-01
-5.207617297882105589e-01
-5.502594746669853265e-01
-5.142941757928378710e-01
-5.570760999637631716e-01
-5.302233272449494716e-01
-5.400552015660181615e-01
-5.421367905895987382e-01
-5.401680068133970503e-01
-5.033026576936520113e-01
-5.246336678962023603e-01
-5.379460575477374995e-01
-5.142323966100595944e-01
-5.367877630673232314e-01
-5.292659498309610910e-01
-5.481489396415517579e-01
-5.501899421541510682e-01
-5.294941696674227982e-01
-5.133967744298760794e-01
-5.266348453523519435e-01
-5.372147512741303199e-01
-5.042513756845936612e-01
-5.121001430441801672e-01
-5.643586349590541396e-01
-5.321297910620677030e-01
-4.867540484841825776e-01
-5.100165832641244679e-01
-5.102366684715350376e-01
-5.227982305709732991e-01
-5.142607581844281794e-01
-5.236956276486629536e-01
-5.041000499839851656e-01
-5.239378310611586542e-01
-4.965967436461521944e-01
-5.067358193171850322e-01
-5.554816466711439693e-01
-4.816550790246930114e-01
-5.116087292136900500e-01
-4.816561300910963683e-01
-5.048361069766215126e-01
-4.865809167563801552e-01
-5.039098119326943515e-01
-4.875987147851691406e-01
-4.963471263282043799e-01
-5.091662609653254679e-01
-5.083170174163509358e-01
-4.997636375869317082e-01
-4.843780258165920061e-01
-5.224117290019792970e-01
-4.900943663337551937e-01
-4.850316380821454998e-01
-5.042737149365491556e-01
-5.063311630989454359e-01
-5.001165884755264246e-01
-5.248531858171773257e-01
-5.371076520200220861e-01
-4.741048618964778250e-01
-5.147645379455541015e-01
-5.227896500388999890e-01
-5.013424096939405050e-01
-4.985132237373030017e-01
-5.018041193084874507e-01
-5.224442314411088528e-01
-4.990954294786244527e-01
-5.052052431284750345e-01
-4.852036178812252909e-01
-4.893540472800284036e-01
-4.666653551603641703e-01
-5.048269392372765063e-01
-5.119580696384290475e-01
-5.028496880211033027e-01
-4.791026486828461883e-01
-4.945148875014678258e-01
-5.089252263822808819e-01
-5.165120172758865813e-01
-4.901371356945051772e-01
-4.989086402961083189e-01
-4.947085216172205091e-01
-4.616460875424806543e-01
-5.077770336492659631e-01
-4.986951671880243131e-01
-4.992132955860299481e-01
-4.704748274456205803e-01
-5.017763477267789263e-01
-4.829241295996651306e-01
-4.882963407776483300e-01
-4.839069116281510263e-01
-5.082753085720903563e-01
-4.995664338499673507e-01
-5.033517204788768851e-01
-4.658410449351917948e-01
-5.168636953917750132e-01
-4.826114533504823334e-01
-4.744554478394166774e-01
-5.177885808011873925e-01
-4.515494337340006381e-01
-5.013659966422915337e-01
-5.096081659494721139e-01
-4.716348107342945850e-01
-5.077042904390718370e-01
-4.443715378340831190e-01
-4.860827654554396582e-01
-4.584475776038077766e-01
-4.988378451446643380e-01
-5.051305671245085449e-01
-4.755777667545489917e-01
-5.122320894821936754e-01
-4.854706803207147203e-01
-5.023386999867512914e-01
-4.822346974289786758e-01
-4.879862414754473354e-01
-4.962555330318525471e-01
-4.661677462963900176e-01
-4.716092496189374095e-01
-4.820259023311246893e-01
-4.897051177356787077e-01
-4.991673078538889086e-01
-4.783784221745900345e-01
-4.692553917568387800e-01
-4.944814159542809673e-01
-4.741621275551007875e-01
-4.775441952719519656e-01
-4.470301557547812776e-01
-4.740665053904129511e-01
-4.916591509552941663e-01
-4.738534337274069030e-01
-4.916504930616713009e-01
